cost_opt_all: 115.10501945434325
cost_opt_detector: 167.839849992334
cost_opt_source: 294.77558205382877
