cost_opt_detector: 168.55333085091064
cost_opt_source: 275.5676048099383
