cost_opt_detector: 122.14624951469006
cost_opt_source: 210.3749747086116
