cost_opt_detector: 171.30780628294508
cost_opt_source: 285.8242548330179
