cost_opt_all: 107.15035777965916
cost_opt_detector: 121.7908393306985
cost_opt_source: 275.91400177218526
