cost_opt_all: 117.73828129507291
cost_opt_detector: 171.3955956483691
cost_opt_source: 275.4800960971078
