cost_opt_all: 111.17770205685129
cost_opt_detector: 121.7798750711268
cost_opt_source: 294.53697977273947
