cost_opt_detector: 146.8015005384977
cost_opt_source: 257.80500946988207
