cost_opt_all: 115.10803514267278
cost_opt_detector: 146.95147083602382
cost_opt_source: 285.79076176627507
