cost_opt_detector: 225.2559937984978
cost_opt_source: 299.13249386206616
