cost_opt_all: 109.70216639138349
cost_opt_detector: 122.22661248385768
cost_opt_source: 285.8432524617099
