cost_opt_all: 101.80405073285114
cost_opt_detector: 121.87123411093063
cost_opt_source: 257.7990087562574
