cost_opt_all: 115.73327843759785
cost_opt_detector: 147.44300360147156
cost_opt_source: 290.6468189516014
