cost_opt_all: 111.88735835348433
cost_opt_detector: 146.61360436951742
cost_opt_source: 275.73121335900225
