cost_opt_all: 118.5440885628737
cost_opt_detector: 172.71937425644305
cost_opt_source: 291.59856316846594
