cutoff_FWHM_1_multiplier: 10
cutoff_FWHM_2_multiplier: 10
detector_FWHM_1: 1.8378362162398987
detector_FWHM_2: 57.83208297044499
detector_weight_1: 0.9232813418073
