cutoff_FWHM_1_multiplier: 10
cutoff_FWHM_2_multiplier: 10
detector_FWHM_1: 2.2562113535867825
detector_FWHM_2: 67.55006473165474
detector_weight_1: 0.9209993831514285
