cutoff_FWHM_1_multiplier: 10
cutoff_FWHM_2_multiplier: 10
detector_FWHM_1: 1.857332112057913
detector_FWHM_2: 134.85672470164826
detector_weight_1: 0.9256791862445527
