cutoff_FWHM_1_multiplier: 10
cutoff_FWHM_2_multiplier: 10
detector_FWHM_1: 3.2722322959418757
detector_FWHM_2: 73.42146227403211
detector_weight_1: 0.9195336718311229
