cutoff_FWHM_1_multiplier: 10
cutoff_FWHM_2_multiplier: 10
detector_FWHM_1: 1.8380112763662748
detector_FWHM_2: 57.89106227598252
detector_weight_1: 0.9232921556899124
