cutoff_FWHM_1_multiplier: 10
cutoff_FWHM_2_multiplier: 10
detector_FWHM_1: 2.2526754607611683
detector_FWHM_2: 66.64542001178486
detector_weight_1: 0.9206759725496174
