cutoff_FWHM_1_multiplier: 10
cutoff_FWHM_2_multiplier: 10
detector_FWHM_1: 2.5310338078131567
detector_FWHM_2: 131.78211417458027
detector_weight_1: 0.8993555019227947
