cutoff_FWHM_1_multiplier: 10
cutoff_FWHM_2_multiplier: 10
detector_FWHM_1: 1.906976306163948
detector_FWHM_2: 134.61711218016129
detector_weight_1: 0.9205298184751499
