cutoff_FWHM_1_multiplier: 10
cutoff_FWHM_2_multiplier: 10
detector_FWHM_1: 3.2663509367462917
detector_FWHM_2: 72.76196927965623
detector_weight_1: 0.918659776107583
