cutoff_FWHM_1_multiplier: 10
cutoff_FWHM_2_multiplier: 10
detector_FWHM_1: 1.8383134887390318
detector_FWHM_2: 58.07583524856017
detector_weight_1: 0.9233344795444438
