cutoff_FWHM_1_multiplier: 10
cutoff_FWHM_2_multiplier: 10
detector_FWHM_1: 2.256589564144823
detector_FWHM_2: 67.71626539789419
detector_weight_1: 0.9209895986087524
