cutoff_FWHM_1_multiplier: 10
cutoff_FWHM_2_multiplier: 10
detector_FWHM_1: 5.438906585629146
detector_FWHM_2: 65.85346575250789
detector_weight_1: 0.9019762392134514
