cutoff_FWHM_1_multiplier: 10
cutoff_FWHM_2_multiplier: 10
detector_FWHM_1: 3.2767406168034783
detector_FWHM_2: 72.89034786118081
detector_weight_1: 0.9195551059771214
