cutoff_FWHM_1_multiplier: 10
cutoff_FWHM_2_multiplier: 10
detector_FWHM_1: 1.8960609296747515
detector_FWHM_2: 149.10237430599662
detector_weight_1: 0.9101484417210032
