cutoff_FWHM_1_multiplier: 10
cutoff_FWHM_2_multiplier: 10
detector_FWHM_1: 2.256356281991504
detector_FWHM_2: 67.63314306913857
detector_weight_1: 0.9210038228576152
