cutoff_FWHM_1_multiplier: 10
cutoff_FWHM_2_multiplier: 10
detector_FWHM_1: 1.8589573328124094
detector_FWHM_2: 137.8167118285026
detector_weight_1: 0.9148113825085901
