cutoff_FWHM_1_multiplier: 10
cutoff_FWHM_2_multiplier: 10
detector_FWHM_1: 1.8384379859119548
detector_FWHM_2: 58.1294149681345
detector_weight_1: 0.923345458239748
