cutoff_FWHM_1_multiplier: 10
cutoff_FWHM_2_multiplier: 10
detector_FWHM_1: 11.817332919171573
detector_FWHM_2: 63.8541218485234
detector_weight_1: 0.8542169377076745
