cutoff_FWHM_1_multiplier: 10
cutoff_FWHM_2_multiplier: 10
detector_FWHM_1: 2.10124289942269
detector_FWHM_2: 147.8820460966361
detector_weight_1: 0.915179837845876
