cutoff_FWHM_1_multiplier: 10
cutoff_FWHM_2_multiplier: 10
detector_FWHM_1: 1.8568535764370362
detector_FWHM_2: 126.66537567942257
detector_weight_1: 0.9161691810360225
