cutoff_FWHM_multiplier: 10
source_FWHM_x_axis: 4.4962874588171715
source_FWHM_y_axis: 4.59155325199907
