cutoff_FWHM_multiplier: 10
source_FWHM_x_axis: 3.5316214510293875
source_FWHM_y_axis: 3.901345921385543
