cutoff_FWHM_multiplier: 10
source_FWHM_x_axis: 2.6122408817809193
source_FWHM_y_axis: 2.993741924035204
