cutoff_FWHM_multiplier: 10
source_FWHM_x_axis: 2.6585633057348814
source_FWHM_y_axis: 3.0628308228242416
