cutoff_FWHM_multiplier: 10
source_FWHM_x_axis: 2.903733716141499
source_FWHM_y_axis: 3.084218779365432
