cutoff_FWHM_multiplier: 10
source_FWHM_x_axis: 3.127607037048175
source_FWHM_y_axis: 3.5567585601723386
