cutoff_FWHM_multiplier: 10
source_FWHM_x_axis: 2.405093546627506
source_FWHM_y_axis: 2.8564275796014686
