cutoff_FWHM_multiplier: 10
source_FWHM_x_axis: 6.831320570534315
source_FWHM_y_axis: 6.815934169014272
