cutoff_FWHM_multiplier: 10
source_FWHM_x_axis: 3.148073727493718
source_FWHM_y_axis: 3.523216622817103
