cutoff_FWHM_multiplier: 10
source_FWHM_x_axis: 2.71494231152264
source_FWHM_y_axis: 2.9946306899140875
