cutoff_FWHM_multiplier: 10
source_FWHM_x_axis: 2.94227271450886
source_FWHM_y_axis: 2.888272355034787
