cutoff_FWHM_multiplier: 10
source_FWHM_x_axis: 2.563757945499859
source_FWHM_y_axis: 3.0212073642756723
