cutoff_FWHM_multiplier: 10
source_FWHM_x_axis: 4.495599038907467
source_FWHM_y_axis: 4.590199106850993
