cutoff_FWHM_multiplier: 10
source_FWHM_x_axis: 3.5308407135359228
source_FWHM_y_axis: 3.901337992003612
