cutoff_FWHM_multiplier: 10
source_FWHM_x_axis: 3.1360551439743323
source_FWHM_y_axis: 3.5537871494026816
