cutoff_FWHM_multiplier: 10
source_FWHM_x_axis: 2.894982354071924
source_FWHM_y_axis: 2.8816350429794153
