cutoff_FWHM_multiplier: 10
source_FWHM_x_axis: 3.1492408897975057
source_FWHM_y_axis: 3.5531561642839296
