cutoff_FWHM_multiplier: 10
source_FWHM_x_axis: 3.142625972961433
source_FWHM_y_axis: 3.5546831054420553
