cutoff_FWHM_multiplier: 10
source_FWHM_x_axis: 4.495330327331576
source_FWHM_y_axis: 4.590864272526469
