cutoff_FWHM_multiplier: 10
source_FWHM_x_axis: 2.6559836696548955
source_FWHM_y_axis: 3.0343716131082177
