cutoff_FWHM_multiplier: 10
source_FWHM_x_axis: 3.5327723227459247
source_FWHM_y_axis: 3.901332542885689
