cutoff_FWHM_multiplier: 10
source_FWHM_x_axis: 6.831462094836947
source_FWHM_y_axis: 6.8152971405085205
