cutoff_FWHM_multiplier: 10
source_FWHM_x_axis: 12.947241328078908
source_FWHM_y_axis: 25.868367098618382
