cutoff_FWHM_multiplier: 10
source_FWHM_x_axis: 3.5427017550548214
source_FWHM_y_axis: 3.886557382256354
