cutoff_FWHM_multiplier: 10
source_FWHM_x_axis: 2.7316432287382875
source_FWHM_y_axis: 3.0616302168705185
