horz_edge_12mm.tif:
  maximum: 0.984171450138092
  minimum: 0.029620647430419922
vert_edge_13mm.tif:
  maximum: 0.9844021797180176
  minimum: 0.02302694320678711
