horz_edge_12mm.tif:
  maximum: 0.9932446437601335
  minimum: 0.018219220258400337
horz_edge_50mm.tif:
  maximum: 1.0045327292029769
  minimum: 0.009626589383844563
vert_edge_13mm.tif:
  maximum: 0.9937810973926815
  minimum: 0.01544389425034605
vert_edge_50mm.tif:
  maximum: 1.0040954902280157
  minimum: 0.00837454754359875
