horz_edge_12mm.tif:
  maximum: 0.9841652512550354
  minimum: 0.02676844596862793
horz_edge_65mm.tif:
  maximum: 0.989723801612854
  minimum: 0.01661953330039978
vert_edge_13mm.tif:
  maximum: 0.983583927154541
  minimum: 0.023441314697265625
vert_edge_60mm.tif:
  maximum: 0.9923297086139414
  minimum: 0.0154712107994045
