horz_edge_38mm.tif:
  maximum: 0.992702066898346
  minimum: 0.0192432701587677
vert_edge_38mm.tif:
  maximum: 0.9911479949951172
  minimum: 0.018463134765625
