horz_edge_50mm.tif:
  maximum: 0.9957507848739624
  minimum: 0.017879024147987366
vert_edge_50mm.tif:
  maximum: 0.9952578544616699
  minimum: 0.016588687896728516
