horz_edge_12mm.tif:
  maximum: 0.9847676157951355
  minimum: 0.027433156967163086
horz_edge_50mm.tif:
  maximum: 0.9957529604434967
  minimum: 0.017856836318969727
vert_edge_13mm.tif:
  maximum: 0.9845292568206787
  minimum: 0.02304840087890625
vert_edge_50mm.tif:
  maximum: 0.9952671527862549
  minimum: 0.016818761825561523
