horz_edge_12mm.tif:
  maximum: 0.9933252375652416
  minimum: 0.018219055003622135
horz_edge_25mm.tif:
  maximum: 0.9813359782908624
  minimum: 0.01280742762148093
vert_edge_13mm.tif:
  maximum: 0.9939282410879455
  minimum: 0.015327196504114184
vert_edge_25mm.tif:
  maximum: 0.9909789824218856
  minimum: 0.012274390067677263
