horz_edge_25mm.tif:
  maximum: 0.9797139468242027
  minimum: 0.0144628739006529
horz_edge_50mm.tif:
  maximum: 1.0031744680732215
  minimum: 0.010962872983079474
vert_edge_25mm.tif:
  maximum: 0.989285396520868
  minimum: 0.013835190690269013
vert_edge_50mm.tif:
  maximum: 1.0027345511749106
  minimum: 0.009697746159236326
