horz_edge_38mm.tif:
  maximum: 1.000100620249095
  minimum: 0.012281163626149543
horz_edge_50mm.tif:
  maximum: 1.0032612563375876
  minimum: 0.010891701990692858
vert_edge_38mm.tif:
  maximum: 0.9987744671910479
  minimum: 0.011580061284278041
vert_edge_50mm.tif:
  maximum: 1.0028506257122343
  minimum: 0.009585613797726619
