horz_edge_38mm.tif:
  maximum: 0.9927026629447937
  minimum: 0.019145488739013672
horz_edge_50mm.tif:
  maximum: 0.9957540333271027
  minimum: 0.01789557933807373
vert_edge_38mm.tif:
  maximum: 0.9911456108093262
  minimum: 0.018413066864013672
vert_edge_50mm.tif:
  maximum: 0.995307207107544
  minimum: 0.016675710678100586
