horz_edge_25mm.tif:
  maximum: 0.9803954701146919
  minimum: 0.01377946837779282
horz_edge_38mm.tif:
  maximum: 1.0007940820193904
  minimum: 0.011585035841292527
vert_edge_25mm.tif:
  maximum: 0.9901020487287782
  minimum: 0.013115306904310243
vert_edge_38mm.tif:
  maximum: 0.9994001239653697
  minimum: 0.010980827173058812
