horz_edge_25mm.tif:
  maximum: 0.9722871780395508
  minimum: 0.021278947591781616
horz_edge_38mm.tif:
  maximum: 0.9926988780498505
  minimum: 0.01920071244239807
vert_edge_25mm.tif:
  maximum: 0.9817314147949219
  minimum: 0.02037358283996582
vert_edge_38mm.tif:
  maximum: 0.9911139011383057
  minimum: 0.01848733425140381
