horz_edge_65mm.tif:
  maximum: 0.9897099360823631
  minimum: 0.01661018282175064
vert_edge_60mm.tif:
  maximum: 0.992316484451294
  minimum: 0.015586376190185547
