horz_edge_50mm.tif:
  maximum: 0.995748870074749
  minimum: 0.017830774188041687
horz_edge_65mm.tif:
  maximum: 0.9897038340568542
  minimum: 0.016605913639068604
vert_edge_50mm.tif:
  maximum: 0.995265007019043
  minimum: 0.0166015625
vert_edge_60mm.tif:
  maximum: 0.9923050403594971
  minimum: 0.015470027923583984
