horz_edge_12mm.tif:
  maximum: 0.9847573339939117
  minimum: 0.0270824134349823
horz_edge_25mm.tif:
  maximum: 0.9723137617111206
  minimum: 0.021611571311950684
vert_edge_13mm.tif:
  maximum: 0.9839200973510742
  minimum: 0.024636268615722656
vert_edge_25mm.tif:
  maximum: 0.9815387725830078
  minimum: 0.020299077033996582
