horz_edge_25mm.tif:
  maximum: 0.9724001437425613
  minimum: 0.02182099223136902
vert_edge_25mm.tif:
  maximum: 0.9817385673522949
  minimum: 0.020622968673706055
